$ANSIBLE_VAULT;1.1;AES256
30376538333165623865653934363035343862373938353638616566613031356638656565336465
3064663034326466346565303433343461333963303435350a333130653764373737313938623136
32623934643134616634663962323834326664393564303261343631346434316535343666363037
3262633937326638320a356531363439363939376362333037333133623234366139616434323036
65376563353163623033396663646633303236636637633666303830613762306237613432623563
32393035306438303466393531383236313664313333626231646165303735373562333564653935
66616334623730353538613933643961376232643236356139393537306336663234336165313861
35623065343162303734326637633531643137663337353964353031373563336637363637323335
35653061373031353231366166366332633535643030383333363736393633656237656566326361
37643730336631356463363163396231306137656166663539373736303266386338613133663966
33613866353933623265393630316162656262363764393535613665633436373434313531626365
30363337376531636539343963663635623438303161636135396463636230333432623266306637
65373631316237326331356538363231356235393338353239313931633631643166373962343838
31656534623461613965663039323434353163663761646630393333653865356636306565353736
63633339356231646162666330643538623161323432396266356264373132646238376566383066
61343961346335663331326264626538333064363165356636356565666334383634646134303363
3539
